3.11	1.94
3.21	1.88
3.28	1.83
3.36	1.77
3.41	1.77
3.47	1.77
3.52	1.71
3.58	1.55
3.66	1.34
3.74	1.09
3.8	0.84
3.86	0.5
3.93	0.26
4	-0.02
4.07	-0.16
4.11	-0.21
4.12	-0.26
4.11	-0.26
4.07	-0.26
4.02	-0.21
3.92	-0.11
3.85	-0.02
3.8	-0.02
3.73	0.03
3.64	0.22
3.56	0.32
3.47	0.41
3.4	0.46
3.32	0.42
3.25	0.42
3.2	0.42
3.14	0.42
3.09	0.38
3.04	0.42
2.97	0.43
2.92	0.43
2.85	0.43
2.78	0.43
2.73	0.43
2.66	0.44
2.61	0.44
2.56	0.58
2.52	0.73
2.47	0.93
2.42	1.03
2.4	1.08
2.36	0.98
2.34	0.98
2.32	0.98
2.31	0.88
2.32	0.74
2.32	0.78
2.33	0.69
2.34	0.78
2.34	0.78
2.33	0.64
2.35	0.59
2.37	0.54
2.43	0.64
2.49	0.64
2.55	0.73
2.61	0.83
2.66	0.87
2.71	0.92
2.77	0.82
2.83	0.77
2.88	0.72
2.94	0.67
3.02	0.48
3.08	0.57
3.14	0.47
3.25	0.61
3.34	0.71
3.42	0.9
3.49	1
3.55	1.14
3.62	1.29
3.69	1.34
3.76	1.44
3.82	1.54
3.89	1.49
3.96	1.39
4.03	1.33
4.11	1.33
4.21	1.33
4.3	1.42
4.38	1.53
4.43	1.63
4.49	1.68
4.53	1.78
4.6	1.89
4.66	1.89
4.7	1.99
4.75	2.04
4.8	1.83
4.88	1.82
4.93	1.82
4.99	1.82
5.03	1.87
5.07	1.93
5.12	1.98
5.17	2.09
5.23	2.19
5.27	2.25
5.31	2.36
5.35	2.41
5.41	2.46
5.45	2.52
5.48	2.46
5.52	2.41
5.56	2.4
5.59	2.35
5.63	2.35
5.63	2.35
5.66	2.51
5.73	2.46
5.81	2.51
5.87	2.62
5.91	2.68
6.02	2.79
6.06	2.9
6.1	3.2
6.13	3.25
6.18	3.37
6.27	3.8
6.22	3.13
6.26	3.25
6.29	3.31
6.27	3.13
6.28	2.96
6.28	2.96
6.26	2.96
6.24	2.96
6.23	3.02
6.23	3.07
6.28	2.95
6.3	2.95
6.3	2.95
6.32	2.95
6.33	2.9
6.35	2.84
6.33	2.66
6.34	2.55
6.37	2.38
6.44	1.88
6.47	1.83
6.52	1.77
6.57	1.67
6.6	1.56
6.62	1.45
6.65	1.4
6.69	1.45
6.72	1.51
6.75	1.66
6.79	1.71
6.82	1.77
6.83	1.71
6.85	1.66
6.88	1.61
6.88	1.5
6.87	1.24
6.87	0.99
6.88	0.74
6.9	0.59
6.92	0.45
6.95	0.45
6.96	0.54
6.94	0.64
6.95	0.79
6.96	0.84
6.96	0.84
6.96	0.84
6.93	0.74
6.91	0.69
6.88	0.74
6.82	0.75
6.8	0.89
6.79	0.95
6.77	0.95
6.78	1
6.75	0.9
6.72	0.75
6.69	0.7
6.68	0.7
6.68	0.7
6.66	0.7
6.64	0.71
6.66	0.71
6.68	0.71
6.66	0.71
6.69	1.36
6.64	1.26
6.6	1.06
6.57	0.86
6.53	0.71
6.52	0.71
6.46	0.72
6.39	0.72
6.32	0.72
6.27	0.72
6.2	0.73
6.13	0.73
6.07	0.93
6.03	1.08
5.99	1.29
5.96	1.39
5.94	1.44
5.88	0.74
5.83	1.34
5.79	1.24
5.75	1.24
5.7	1.3
5.65	1.4
5.62	1.51
5.55	1.56
5.49	1.56
5.44	1.56
5.38	1.46
5.3	1.36
5.24	1.21
5.17	1.16
5.12	1.21
5.03	1.32
4.98	1.42
4.91	1.58
4.85	1.43
4.82	1.53
4.78	1.53
4.74	1.53
4.71	1.48
4.67	1.43
4.61	1.33
4.57	1.23
4.5	1.23
4.48	1.03
4.43	1.18
4.39	1.24
4.38	1.39
4.36	1.49
4.34	1.65
4.34	1.76
4.34	1.81
4.34	1.86
4.32	1.81
4.32	1.76
4.32	1.71
4.32	1.71
4.32	1.71
4.49	1.7
4.51	1.91
4.51	2.07
4.53	2.18
4.55	2.35
4.55	2.4
4.57	2.51
4.57	2.63
4.6	2.74
4.62	2.8
4.62	2.86
4.66	2.91
4.67	2.91
4.67	2.91
4.67	2.85
4.67	2.91
4.66	2.91
4.66	2.97
4.64	2.97
4.62	2.97
4.6	2.97
4.58	3.03
4.56	3.09
4.54	3.15
4.5	3.15
4.49	3.27
4.47	3.39
4.47	3.57
4.45	3.57
4.45	3.57
4.43	3.57
4.43	3.64
4.43	3.58
4.41	3.58
4.39	3.64
4.39	3.58
4.39	3.58
4.39	3.58
4.41	3.46
4.19	3.58
4.19	3.64
4.19	3.64
4.19	3.64
4.19	3.77
4.21	3.64
4.23	3.52
4.25	3.4
4.27	3.16
4.31	3.04
4.33	2.93
4.36	2.87
4.36	2.81
4.38	2.75
4.4	2.81
4.4	2.92
4.4	3.04
4.4	3.1
4.42	3.04
4.44	2.92
4.44	2.69
4.48	2.52
4.47	2.3
4.47	2.08
4.47	2.03
4.43	2.03
4.38	2.08
4.3	2.19
4.25	2.25
4.17	2.36
4.17	2.25
4.13	2.25
4.08	2.2
4	2.15
3.95	2.1
3.87	2.04
3.8	2.27
3.95	2.1
3.91	2.1
3.86	2.05
3.8	1.99
3.77	1.89
3.71	1.84
3.64	1.84
3.58	1.79
3.52	1.95
3.49	2.01
3.43	2.06
3.39	2.06
3.36	2.06
3.34	2.06
3.32	2.07
3.3	2.12
3.3	2.12
3.3	2.12
3.3	2.01
3.3	1.96
3.29	1.85
3.34	1.96
3.25	1.85
3.25	1.85
3.27	1.85
3.31	1.85
3.33	1.74
3.38	1.74
3.42	1.74
3.48	1.74
3.51	1.69
3.55	1.63
3.59	1.68
3.6	1.73
3.64	1.73
3.66	1.68
3.7	1.52
3.74	1.47
3.77	1.47
3.81	1.47
3.84	1.52
3.86	1.62
3.9	1.67
3.91	1.72
3.93	1.72
3.95	1.67
3.99	1.56
4.01	1.41
4.03	1.25
4.03	1.1
4.01	1.1
3.96	1.2
3.92	1.31
3.88	1.46
3.86	1.57
3.84	1.67
3.82	1.67
3.8	1.73
3.78	1.68
3.75	1.62
3.71	1.63
3.67	1.73
3.63	1.84
3.6	1.84
3.56	1.9
3.54	1.32
3.54	1.42
3.52	1.42
3.53	1.48
3.52	1.48
3.52	1.48
3.5	1.37
3.49	1.27
3.49	1.22
3.49	1.17
3.51	1.12
3.57	0.92
3.57	0.92
3.57	0.92
3.57	0.92
3.47	1.12
3.45	1.22
3.43	1.27
3.43	1.27
3.43	1.27
3.43	1.27
3.43	1.32
3.43	1.32
3.43	1.27
3.43	1.27
3.43	1.22
3.43	1.22
3.43	1.23
3.45	1.17
3.45	1.17
3.49	1.12
3.51	1.17
3.54	1.17
3.56	1.22
3.59	1.27
3.63	1.32
3.66	1.37
3.68	1.32
3.72	1.22
3.76	1.11
3.8	1.01
3.83	1.01
3.87	1.01
3.92	0.91
3.97	0.91
4.01	0.86
4.03	0.91
4.05	0.95
4.06	1.05
4.08	1.1
4.08	1.05
4.1	1.05
4.12	0.9
4.12	0.76
4.14	0.61
4.14	0.37
4.14	0.23
4.1	0.23
4.04	0.28
3.97	0.38
3.88	0.47
3.79	0.48
3.7	0.43
3.62	0.39
3.51	0.39
3.41	0.4
3.31	0.4
3.2	0.4
3.08	0.41
2.92	0.41
2.79	0.41
2.69	0.8
2.58	0.95
2.47	1
2.35	1.11
2.23	1.11
2.1	1.11
1.97	1.07
1.86	1.07
1.75	0.93
1.56	1.59
1.45	1.75
1.42	1.24
1.33	1.24
1.24	1.24
1.15	1.35
1.11	0.95
1.05	0.9
1.01	0.81
0.99	0.86
0.96	0.91
0.96	1.05
0.99	1.1
1.04	1.1
1.1	1.05
1.15	1.1
1.2	1
1.24	1.04
1.33	1.09
1.43	1.09
1.53	0.99
1.64	0.93
1.72	1.18
1.84	1.13
1.91	1.07
2.01	1.12
2.09	1.22
2.21	1.26
2.34	1.31
2.47	1.25
2.59	1.25
2.68	1.25
2.77	1.19
2.86	1.29
2.94	1.34
3.04	1.24
3.13	1.23
3.22	1.13
3.32	0.98
3.41	0.82
3.51	0.63
3.61	0.58
3.72	0.62
3.84	0.62
3.93	0.61
4	0.71
4.06	0.9
4.1	0.9
4.14	0.9
4.19	0.95
4.24	1.04
4.3	1.04
4.33	0.89
4.38	0.79
4.44	0.74
4.49	0.74
4.54	0.74
4.58	0.54
4.63	0.59
4.68	0.59
4.75	0.63
4.83	0.68
4.9	0.92
4.94	0.92
4.94	0.92
4.94	0.97
4.96	0.92
4.96	0.92
4.99	0.82
5.01	0.82
5.08	0.82
5.09	0.77
5.09	0.77
5.1	0.53
5.1	0.43
5.05	0.48
5.02	0.53
4.98	0.53
4.95	0.53
4.91	0.53
4.88	0.54
4.88	0.54
4.87	0.54
4.87	0.53
4.86	0.54
4.87	0.53
4.86	0.54
4.86	0.54
4.82	0.54
4.8	0.54
4.79	0.54
4.77	0.54
4.77	0.53
4.75	0.53
4.66	0.54
4.61	0.49
4.58	0.54
4.54	0.54
4.54	0.54
4.52	0.54
4.51	0.54
4.49	0.54
4.49	0.54
4.49	0.53
4.49	0.49
4.47	0.53
4.48	-0.21
4.46	-0.25
4.4	-0.39
4.29	-0.43
4.18	-0.2
4.09	-0.2
4.02	-0.2
3.95	-0.15
3.87	-0.15
3.8	-0.1
3.72	-0.09
3.6	-0.09
3.46	-0.09
3.56	0
3.49	0.05
3.4	0.05
3.32	0.05
3.23	0.05
3.13	0.06
3.03	0.01
2.91	0.02
2.81	0.02
2.69	0.03
2.59	0.03
2.5	0.04
2.43	0.04
2.37	0.04
2.3	0.04
2.23	0.04
2.16	0.05
2.08	0.05
2.01	0.05
1.94	0.05
1.97	-0.22
1.94	-0.27
1.93	-0.22
1.94	-0.13
1.98	-0.04
2.02	0.09
2.08	0.18
2.13	0.18
2.19	0.18
2.25	0.17
2.31	0.17
2.37	0.17
2.44	0.17
2.51	0.16
2.6	0.16
2.67	0.16
2.73	0.16
2.82	0.16
2.89	0.11
2.99	0.11
3.08	0.15
3.18	0.19
3.3	0.19
3.42	0.18
3.52	0.18
3.59	0.75
3.68	0.84
3.75	0.89
3.84	0.88
3.93	0.78
4	0.68
4.09	0.58
4.18	0.39
4.25	0.2
4.31	-0.13
4.4	0.34
4.42	0.33
4.42	0.33
4.35	0.34
4.26	0.34
4.21	0.34
4.14	0.34
3.95	0.83
3.84	1.03
3.75	1.13
3.66	1.24
3.57	1.34
3.48	1.4
3.39	1.45
3.3	1.3
3.23	1.2
3.13	1.1
3.05	0.91
2.93	0.86
2.81	0.82
2.65	0.82
2.53	0.83
2.42	0.83
2.3	0.98
2.21	1.09
2.11	1.19
2.03	1.29
1.97	1.34
1.92	1.29
1.84	1.25
1.76	0.23
1.67	0.19
1.58	0.19
1.51	0.24
1.46	0.2
1.4	0.24
1.36	0.29
1.31	0.48
1.27	0.48
1.23	0.58
1.21	0.58
1.19	0.58
1.2	0.53
1.2	0.53
1.22	0.48
1.24	0.48
1.25	0.48
1.27	0.48
1.27	0.62
1.3	0.67
1.31	0.72
1.32	0.77
1.36	0.76
1.38	0.72
1.44	-0.08
1.47	-0.08
1.52	-0.08
1.56	-0.08
1.61	-0.08
1.66	-0.09
1.68	-0.09
1.71	-0.09
1.72	-0.04
1.76	-0.04
1.81	-0.04
1.84	-0.05
1.9	-0.09
1.95	-0.09
1.98	-0.1
1.98	-0.05
1.98	-0.05
1.99	-0.05
1.99	-0.01
1.99	-0.01
2.01	-0.01
2.01	-0.01
2.05	0.27
2.05	0.27
2.03	0.27
2.03	0.32
2.03	0.5
2.03	0.5
2.03	0.46
2.04	0.31
2.05	0.27
2.02	0.18
1.99	0.13
1.94	0.18
1.89	0.18
1.85	0.18
1.79	0.28
1.68	0.51
1.67	0.47
1.67	0.28
1.66	0.23
1.62	0.1
1.59	-0.04
1.63	-0.44
1.6	-0.57
1.56	-0.66
1.52	-0.66
1.47	-0.65
1.44	-0.65
1.41	-0.65
1.39	-0.65
1.41	-0.65
1.38	-0.69
1.36	-0.69
1.35	-0.69
1.35	-0.73
1.33	-0.69
1.31	-0.69
1.31	-0.69
1.3	-0.69
1.27	-0.64
1.26	-0.64
1.24	-0.64
1.21	-0.64
1.17	-0.6
1.16	-0.64
1.13	-0.64
1.1	-0.55
1.08	-0.68
1.07	-0.68
1.07	-0.68
1.05	-0.68
1.04	-0.63
1.05	-0.55
1.05	-0.59
1.05	-0.55
1.04	-0.5
1.02	-0.5
1.02	-0.59
1.03	-0.67
1.05	-0.68
1.1	-0.68
1.13	-0.68
1.17	-0.63
1.23	-0.59
1.3	-0.6
1.42	-0.6
1.53	-0.6
1.65	-0.65
1.76	-0.7
1.85	-0.48
1.96	-0.4
2.07	-0.4
2.17	-0.41
2.27	-0.41
2.34	-0.41
2.42	-0.37
2.5	-0.33
2.59	-0.33
2.72	-0.29
2.85	-0.3
2.95	-0.3
3.05	-0.3
3.16	-0.3
3.27	-0.31
3.37	-0.26
3.49	-0.27
3.59	-0.27
3.69	-0.27
3.91	-0.06
3.99	-0.01
4.08	-0.02
4.13	-0.02
4.17	-0.02
4.18	-0.02
4.18	-0.02
4.22	-0.02
4.23	0.03
4.22	0.08
4.22	0.17
4.15	0.12
4.13	0.08
4.08	0.03
4.06	0.13
4.01	0.18
3.99	0.22
3.99	0.22
3.97	0.22
4.2	0.5
4.18	0.55
4.14	0.55
4.11	0.55
4.06	0.55
4.02	0.56
3.99	0.56
3.93	0.56
3.9	0.56
3.86	0.56
3.83	0.55
3.79	0.55
3.78	0.55
3.76	0.55
3.72	0.55
3.71	0.55
3.69	0.55
3.65	0.54
3.64	0.54
3.64	0.54
3.64	0.54
3.62	0.54
3.6	0.54
3.6	0.54
3.59	0.54
3.57	0.54
3.46	1.18
3.46	1.13
3.47	1.03
3.48	1.03
3.5	1.03
3.52	1.08
3.55	1.13
3.58	1.18
3.6	1.17
3.64	1.12
3.66	0.97
3.7	0.87
3.75	0.77
3.81	0.72
3.86	0.77
3.95	0.77
4.03	0.81
4.09	0.81
4.14	0.96
4.19	1.05
4.23	1.1
4.28	1.15
4.32	1.1
4.37	1.05
4.41	0.95
4.46	0.8
4.49	0.65
4.52	0.46
4.52	0.41
4.49	0.41
4.44	0.55
4.37	0.7
4.3	0.8
4.23	0.85
4.15	0.91
4.12	0.96
4.05	0.96
3.98	0.96
3.91	0.77
3.82	0.67
3.73	0.68
3.66	0.68
3.59	0.68
3.52	0.73
3.43	0.68
3.35	0.64
3.28	0.64
3.19	0.6
3.09	0.55
2.98	0.6
2.96	0.41
2.9	0.46
2.83	0.47
2.77	0.61
2.72	0.66
2.66	0.71
2.61	0.71
2.57	0.72
2.52	0.72
2.5	0.72
2.48	0.58
2.46	0.62
2.46	0.58
2.44	0.67
2.45	0.67
2.47	0.67
2.5	0.72
2.56	0.72
2.59	0.67
2.63	0.67
2.66	0.67
2.69	0.76
2.73	0.76
2.76	0.81
2.79	0.91
2.79	0.91
2.83	0.81
2.87	0.71
2.91	0.66
2.95	0.61
3	0.61
3.05	0.61
3.12	0.6
3.19	0.55
3.25	0.46
3.3	0.6
3.35	0.6
3.4	0.64
3.43	0.69
3.45	0.74
3.48	0.74
3.52	0.69
3.56	0.69
3.59	0.64
3.61	0.64
3.63	0.69
3.62	0.78
3.59	0.78
3.54	0.79
3.4	1.19
3.29	1.34
3.19	1.35
3.06	1.45
2.95	1.56
2.86	1.62
2.74	1.72
2.64	1.83
2.54	2
2.41	2.27
2.29	2.44
2.16	2.56
2.05	2.56
1.96	2.56
1.86	2.62
1.73	2.8
1.7	2.52
1.68	2.52
1.53	2.69
1.44	2.64
1.33	2.64
1.24	2.59
1.15	2.59
1.07	2.59
0.98	2.54
0.9	2.6
0.82	2.66
0.73	2.72
0.64	2.72
0.56	2.78
0.47	2.84
0.41	3.02
0.33	3.19
0.25	3.31
0.18	3.43
0.12	3.55
0.05	3.74
0.27	2.79
0.24	2.91
0.24	2.85
0.24	2.74
0.25	2.57
0.24	2.4
0.26	2.24
0.28	2.13
0.31	2.02
0.32	1.97
0.35	2.02
0.44	2.02
0.52	1.96
0.6	1.91
0.68	1.85
0.76	1.8
0.86	1.74
0.99	1.9
1.11	1.95
1.22	1.94
1.32	1.83
1.43	1.67
1.53	1.93
1.62	2.14
1.69	2.53
1.78	2.64
1.86	2.75
1.95	2.8
2.05	2.8
2.16	2.74
2.29	2.62
2.43	2.39
2.56	2.17
2.69	1.9
2.81	1.63
2.95	1.37
3.08	1.01
3.15	0.91
3.21	0.86
3.23	0.91
3.24	1.01
3.23	1.11
3.21	1.26
3.19	1.36
3.17	1.41
3.14	1.26
3.12	1.31
3.02	1.42
2.94	1.52
2.88	1.68
2.84	1.79
2.82	1.9
2.79	1.95
2.77	2
2.77	2.06
2.75	2.11
2.71	2.17
2.85	1.63
2.82	1.79
2.81	1.95
2.81	2
2.81	2
2.82	2.06
2.84	2.06
2.88	2.06
2.9	1.95
2.95	1.47
3	1.58
3.04	1.73
3.09	1.83
3.13	1.83
3.12	2.05
3.14	2.1
3.17	2.1
3.21	2.15
3.24	2.21
3.29	2.1
3.33	2.04
3.36	1.99
3.4	1.98
3.44	2.04
3.47	2.09
3.51	2.2
3.58	2.2
3.64	2.2
3.68	2.09
3.73	1.98
3.77	1.87
3.81	1.92
3.83	1.97
3.84	2.13
3.84	2.19
3.86	2.24
3.86	2.24
3.86	2.13
3.88	2.02
3.89	1.81
3.89	1.65
3.88	1.39
3.86	1.29
3.81	1.29
3.73	1.35
3.62	1.45
3.51	1.51
3.4	1.51
3.31	1.57
3.22	1.57
3.09	1.63
3	1.63
2.9	1.74
2.8	1.85
2.68	2.01
2.59	2.07
2.49	2.07
2.38	2.08
2.26	1.97
2.15	1.98
2.07	1.82
1.94	1.88
1.81	2.1
1.65	2.15
1.53	2.16
1.38	2.16
1.26	2.17
1.17	2.06
1.06	2.07
0.96	2.07
0.86	2.13
0.78	2.24
0.68	2.3
0.59	2.35
0.51	2.41
0.43	2.47
0.36	2.42
0.29	2.42
0.23	2.31
0.23	2.09
0.25	1.72
0.24	1.52
0.25	1.46
0.26	1.31
0.27	1.21
0.28	1.16
0.28	1.16
0.28	1.26
0.29	1.31
0.3	1.36
0.31	1.41
0.32	1.36
0.33	1.31
0.34	1.26
0.33	1.88
0.33	1.31
0.35	1.41
0.41	1.36
0.48	1.41
0.52	1.46
0.59	1.5
0.63	1.55
0.68	1.71
0.72	1.81
0.86	1.19
0.93	1.19
1.02	1.04
1.07	1.09
1.15	0.98
1.25	0.88
1.35	0.78
1.46	0.78
1.57	0.87
1.69	0.87
1.8	0.91
1.89	1.01
1.97	1.16
2.06	1.15
2.15	1.1
2.24	1.05
2.36	0.9
2.46	0.79
2.56	0.55
2.66	0.31
2.76	0.08
2.84	-0.02
2.89	-0.07
2.93	0.07
2.95	0.11
2.96	0.21
2.98	0.21
2.99	0.35
2.98	0.25
2.99	0.35
2.98	0.39
2.97	0.3
2.97	0.35
2.95	0.4
2.92	0.63
2.92	0.68
2.93	0.78
2.95	0.73
2.99	0.73
3.02	0.78
3.05	0.78
3.09	0.73
3.11	0.77
3.12	0.92
3.12	0.92
3.11	1.02
3.14	1.07
3.16	1.07
3.2	1.02
3.23	1.07
3.27	1.17
3.32	1.16
3.37	1.11
3.43	1.01
3.49	0.96
3.54	0.91
3.59	0.91
3.65	1
3.7	1.1
3.75	0.85
3.84	0.75
3.9	0.7
3.99	0.7
4.09	0.79
4.14	0.89
4.22	0.93
4.27	0.98
4.32	1.08
4.37	0.78
4.43	0.68
4.48	0.68
4.53	0.53
4.6	0.73
4.68	0.1
4.74	0.24
4.82	0.24
4.91	0.28
5.01	0.71
5.08	0.81
5.14	0.86
5.2	1.05
5.25	0.95
5.29	1
5.36	1.1
5.39	0.85
5.44	0.75
5.49	0.75
5.53	0.74
5.67	0.74
5.77	0.74
5.9	0.83
6.04	0.98
6.18	1.12
6.31	1.17
6.4	1.22
6.52	1.37
6.65	1.52
6.76	1.67
6.88	1.78
6.98	1.88
7.07	1.88
7.16	1.82
7.2	1.4
7.21	0.84
7.29	0.78
7.38	0.78
7.47	0.78
7.56	0.78
7.67	0.77
7.8	0.82
7.92	0.77
8.04	0.86
8.19	1.11
8.35	1.57
8.26	0.81
8.35	0.9
8.44	1
8.51	1
8.58	0.95
8.63	0.84
8.74	0.94
8.89	0.99
8.85	0.49
8.93	0.54
8.95	0.53
8.96	0.58
8.95	0.63
8.93	0.78
8.87	0.88
8.8	0.98
8.73	0.99
8.69	1.04
8.63	1.14
8.59	1.2
8.54	1.25
8.49	1.3
8.45	1.36
8.39	1.36
8.32	1.26
8.25	1.05
8.17	1.01
8.1	0.91
8.03	1.01
7.95	1.06
7.86	1.12
7.77	1.12
7.7	1.28
7.64	1.33
7.56	1.33
7.48	1.28
7.4	1.18
7.31	1.08
7.22	0.89
7.11	0.74
7.02	0.74
6.91	0.75
6.81	0.75
6.72	0.8
6.65	1.01
6.59	1.06
6.5	1.11
6.43	1.06
6.34	1.07
6.26	1.02
6.2	0.97
6.17	1.02
6.13	0.97
6.08	0.97
6.03	1.08
6	1.13
5.96	1.18
5.89	1.13
5.77	0.74
5.69	0.16
5.64	0.21
5.6	0.21
5.48	0.22
5.45	0.26
5.41	0.26
5.38	0.27
5.34	0.27
5.31	0.27
5.26	0.27
5.31	0.31
5.28	0.36
5.24	0.36
5.21	0.36
5.17	0.36
5.14	0.36
5.03	0.36
5.02	0.36
4.95	0.36
4.88	0.32
4.77	0.32
4.69	0.33
4.69	0.33
4.65	0.33
4.62	0.33
4.58	0.33
4.56	0.33
4.55	0.33
4.55	0.33
4.53	0.33
4.51	0.33
4.48	0.34
4.48	0.34
4.46	0.34
4.42	0.34
4.41	0.34
4.41	0.34
4.39	0.34
4.39	0.34
4.39	0.34
4.39	0.34
4.39	0.34
4.39	0.34
4.39	0.34
4.41	0.72
4.43	0.92
4.43	0.92
4.45	0.82
4.46	0.72
4.48	0.67
4.48	0.72
4.53	0.67
4.6	0.72
4.73	0.81
4.88	1
5	1.1
5.14	1.25
5.26	1.3
5.25	0.89
5.26	0.05
5.48	0.71
5.64	0.71
5.82	0.7
5.97	0.7
6.13	0.7
6.3	0.74
6.44	0.69
6.6	0.73
6.8	0.92
6.95	0.87
7.18	1.16
7.38	1.26
7.45	0.41
7.62	0.41
7.81	0.4
7.99	0.4
8.11	0.44
8.19	0.39
8.26	0.39
8.34	0.43
8.39	0.43
8.44	0.43
8.65	1.02
8.74	1.06
8.81	1.06
8.85	0.91
8.9	0.76
8.95	0.76
9	0.76
9.01	0.81
8.97	0.86
8.91	0.91
8.81	0.96
8.75	1.07
8.69	1.12
8.61	1.17
8.52	1.18
8.44	1.23
8.36	1.34
8.31	1.44
8.21	1.55
8.11	1.5
8.03	1.56
7.92	1.45
7.81	1.46
7.73	1.51
7.66	1.67
7.59	1.89
7.47	1.95
7.37	2.06
7.24	2.07
7.1	2.02
6.96	1.91
6.79	1.76
6.63	1.65
6.51	1.66
6.39	1.82
6.27	1.93
6.17	2.05
6.08	2.21
5.97	2.22
5.86	2.22
5.76	2.17
5.64	2.01
5.52	1.85
5.33	0.95
5.24	1.36
5.12	1.06
4.99	0.81
5.07	0.09
5.07	0.14
5.09	0.14
5.12	0.19
5.16	0.19
5.23	0.18
5.3	0.18
5.51	1
5.61	1.1
5.64	0.7
5.8	1.24
5.89	1.24
5.91	0.74
6	0.74
6.17	1.18
6.3	1.13
6.36	0.77
6.5	0.77
6.68	0.81
6.83	0.76
6.97	0.71
7.08	0.56
7.16	0.46
7.22	0.41
7.27	0.36
7.32	0.4
7.36	0.5
7.4	0.6
7.43	0.69
7.45	0.79
7.43	0.84
7.43	0.94
7.4	0.99
7.34	0.94
7.32	1.05
7.29	1.1
7.19	1.05
7.15	0.75
7.08	0.75
7.04	0.81
6.99	0.86
6.94	0.91
6.85	0.76
6.8	0.76
6.76	0.77
6.71	1.64
6.64	1.53
6.6	1.53
6.53	1.38
6.48	1.38
6.42	1.28
6.34	1.28
6.26	1.39
6.17	1.44
6.09	1.5
6	1.55
5.93	1.61
5.86	1.61
5.78	1.56
5.7	1.46
5.62	1.41
5.52	1.26
5.45	1.26
5.36	1.21
5.27	1.27
5.2	1.37
5.15	1.48
5.08	1.48
5.02	1.48
4.97	1.38
4.91	1.28
4.85	1.08
4.78	1.08
4.82	0.35
4.73	0.4
4.59	0.35
4.41	0.75
4.25	0.8
4.09	0.81
3.93	0.86
3.77	0.92
3.63	1.02
3.5	1.17
3.35	1.38
3.24	1.28
3.12	1.29
2.97	1.24
2.85	1.19
2.72	1.25
2.6	1.25
2.49	1.26
2.38	1.31
2.25	1.37
2.14	1.37
2.02	1.32
1.91	1.33
1.81	1.48
1.68	1.49
1.7	0.62
1.62	0.67
1.54	0.67
1.49	0.67
1.42	0.63
1.37	0.63
1.32	0.58
1.34	0.25
1.32	0.35
1.31	0.39
1.32	0.49
1.33	0.63
1.36	0.68
1.41	0.72
1.44	0.72
1.51	0.77
1.55	0.82
1.62	0.86
1.67	0.91
1.77	0.96
1.79	0.86
1.91	0.71
2	0.71
2.07	0.7
2.16	0.7
2.26	0.75
2.36	0.79
2.47	0.79
2.59	0.78
2.7	0.78
2.8	0.88
2.89	1.02
2.99	1.22
3.09	1.32
3.16	1.36
3.27	1.36
3.36	1.36
3.45	1.3
3.54	1.25
3.64	1.14
3.75	0.99
3.85	0.94
3.94	0.89
4.05	0.88
4.1	0.93
4.12	1.08
4.14	1.23
4.14	1.38
4.14	1.54
4.14	1.64
4.14	1.69
4.14	1.69
4.14	1.75
4.14	1.69
4.14	1.69
4.12	1.75
4.06	1.86
4.02	2.02
3.96	2.29
3.91	2.46
3.86	2.69
3.81	2.81
3.77	2.92
3.73	2.98
3.69	2.93
3.67	2.93
3.65	2.93
3.61	2.87
3.58	2.81
3.54	2.64
3.52	2.7
3.51	2.53
3.5	2.59
3.55	2.42
3.55	2.42
3.55	2.42
3.55	2.42
3.55	2.42
3.55	2.42
3.73	2.41
3.73	2.47
3.73	2.53
3.75	2.53
3.79	2.52
3.81	2.52
3.85	2.47
3.9	2.41
3.96	2.41
4	2.46
4.02	2.63
4.04	2.57
4.09	2.52
4.13	2.51
4.17	2.46
4.11	2.91
4.19	2.91
4.24	2.85
4.3	2.85
4.36	2.85
4.41	2.56
4.51	2.73
4.6	2.73
4.7	2.72
4.77	2.66
4.87	2.72
4.95	2.77
5.03	2.77
5.08	2.77
5.16	2.82
5.21	2.65
5.28	2.48
5.33	2.31
5.32	2.14
5.39	1.87
5.43	1.6
5.44	1.45
5.42	1.29
5.35	1.4
5.26	1.45
5.14	1.56
5.03	1.56
4.92	1.67
4.81	1.67
4.72	1.73
4.62	1.63
4.48	1.74
4.35	1.74
4.22	1.8
4.11	1.7
3.98	1.75
3.87	1.76
3.76	1.76
3.63	1.82
3.49	1.77
3.34	1.88
3.15	1.94
2.95	2.16
3.02	1.27
2.88	1.17
2.74	1.13
2.61	1.13
2.5	0.74
2.38	0.7
2.27	0.7
2.15	0.7
2.06	0.71
2.01	-0.04
1.93	-0.04
1.88	-0.03
1.84	0.01
1.83	0.06
1.86	0.1
1.88	0.15
1.91	0.15
1.93	0.15
1.96	0.15
1.98	0.15
2.01	0.19
2.04	0.19
2.09	0.19
2.18	0.19
2.25	0.18
2.32	0.18
2.4	0.23
2.48	0.23
2.57	0.22
2.67	0.22
2.56	0.89
2.62	1.04
2.68	1.14
2.75	1.19
2.84	1.23
2.91	1.23
2.99	1.13
3.07	0.98
3.16	0.82
3.24	0.68
3.32	0.43
3.37	0.43
3.38	0.48
3.4	0.48
3.41	0.77
3.41	0.87
3.48	0.77
3.48	0.91
3.49	0.96
3.49	0.96
3.51	0.96
3.51	0.91
3.6	0.71
3.6	0.76
3.59	0.76
3.57	0.81
3.55	0.91
3.55	0.96
3.52	1.06
3.52	1.16
3.52	1.26
3.5	1.26
3.5	1.26
3.48	1.32
3.48	1.37
3.46	1.42
3.44	1.47
3.44	1.52
3.42	1.58
3.42	1.68
3.42	1.68
3.4	1.68
3.4	1.63
3.38	1.58
3.38	1.58
3.38	1.63
3.38	1.63
3.4	1.68
3.41	1.73
3.45	1.79
3.49	1.78
3.51	1.73
3.54	1.73
3.56	1.57
3.6	1.47
3.64	1.41
3.69	1.46
3.8	1.56
3.86	1.56
3.93	1.61
4	1.61
4.09	1.61
4.17	1.55
4.22	1.45
4.29	1.39
4.38	1.44
4.46	1.39
4.55	1.33
4.64	1.23
4.72	1.12
4.82	1.32
4.91	1.42
5.01	2.36
5.12	1.55
5.21	1.54
5.28	1.49
5.35	1.38
5.43	1.23
5.53	2.07
5.61	1.9
5.72	1.9
5.86	1.95
5.99	1.94
6.09	1.83
6.28	2.15
6.42	2.2
6.54	2.26
6.67	2.42
6.79	2.53
6.89	2.52
6.99	2.58
7.06	2.58
7.11	2.46
7.16	2.07
7.21	2.01
7.29	1.74
7.39	1.68
7.52	1.79
7.64	1.73
7.78	1.67
7.92	1.72
8.17	2.37
8.33	2.42
8.53	2.99
8.65	3.11
8.75	3.22
8.83	3.34
8.88	3.4
8.94	3.4
8.98	3.4
9.01	3.21
9.02	3.09
9.02	2.86
9.02	2.51
9.01	2.46
9.01	2.57
8.98	2.63
8.99	2.69
8.98	2.63
8.97	2.69
8.94	2.75
8.91	2.81
8.88	2.81
8.83	2.75
8.76	2.7
8.69	2.64
8.61	2.47
8.54	2.31
8.46	2.25
8.37	2.2
8.28	2.26
8.21	2.26
8.13	2.26
8.1	2.66
8.03	2.72
7.95	2.72
7.89	2.73
7.8	2.61
7.71	2.5
7.59	2.34
7.49	2.17
7.34	1.69
7.26	2.07
7.11	2.08
6.93	1.81
6.78	1.87
6.64	1.93
6.53	2.1
6.41	2.26
6.29	2.44
6.16	2.55
6.04	2.61
5.92	2.56
5.79	2.62
5.65	2.63
5.54	2.57
5.42	2.63
5.33	2.64
5.22	2.7
5.1	2.7
5	2.31
4.88	2.31
4.79	2.26
4.67	2.05
4.58	2.1
4.49	2.22
4.37	2.11
4.26	2.11
4.17	2.62
4.13	2.67
4.04	2.34
3.98	2.57
3.92	2.62
3.88	2.85
3.86	3.09
3.82	3.15
3.81	3.38
3.78	3.33
3.74	3.21
3.7	3.03
3.69	2.92
3.68	3.09
3.67	3.69
3.7	4.19
3.68	4.19
3.64	4.13
3.61	4
3.23	3.46
3.23	3.46
3.23	3.46
3.26	3.52
3.28	3.52
3.32	3.58
3.38	3.7
3.42	3.7
3.46	3.7
3.49	3.76
3.53	3.7
3.58	3.63
3.6	3.57
3.64	3.39
3.68	3.21
3.74	3.03
3.76	2.97
3.76	3.03
3.76	3.03
3.74	3.09
3.74	3.09
3.7	3.15
3.66	3.21
3.63	3.15
3.59	3.1
3.53	2.92
3.48	2.98
3.4	2.93
3.38	2.93
3.64	3.27
3.6	3.27
3.57	3.21
3.53	3.16
3.47	3.16
3.41	3.1
3.36	3.11
3.3	3.11
3.23	3.41
3.15	3.9
3.12	4.21
3.15	3.47
3.13	3.47
3.13	3.53
3.11	3.47
3.11	3.53
3.12	3.59
3.12	3.59
3.14	3.59
3.17	3.53
3.19	3.47
3.21	3.41
3.25	3.29
3.28	3.11
3.32	3.05
3.4	3.05
3.49	3.1
3.55	3.1
3.63	3.04
3.73	3.04
3.8	3.03
3.88	2.91
3.96	2.85
4.03	2.91
4.13	2.91
4.23	2.79
4.32	2.61
4.44	2.67
4.53	2.84
4.62	3.6
4.72	3.6
4.82	3.48
4.91	2.65
5.02	3.05
5.11	2.82
5.22	2.64
5.34	2.81
5.5	2.92
5.62	2.74
5.78	2.74
5.94	2.91
6.09	3.08
6.26	3.31
6.35	3.13
6.47	3.18
6.59	3.18
6.7	3.18
6.78	3
6.87	2.65
6.93	2.36
7.03	2.19
7.11	2.08
7.22	2.02
7.28	1.75
7.37	1.75
7.49	1.64
7.62	1.63
7.73	1.68
7.8	1.63
7.88	1.68
7.97	1.78
8.06	1.89
8.14	1.88
8.21	1.88
8.27	1.77
8.33	1.66
8.4	1.55
8.43	1.29
8.47	1.08
8.46	0.93
8.46	0.83
8.43	0.88
8.4	0.89
8.39	0.94
8.35	0.94
8.33	0.99
8.28	1.14
8.22	1.09
8.16	0.99
8.11	0.89
8.05	0.85
7.99	0.7
7.96	0.7
7.9	0.7
7.81	0.71
7.74	0.71
7.65	0.71
7.58	0.72
7.53	0.72
7.48	0.72
7.41	0.73
7.5	1.62
7.43	1.51
7.34	1.36
7.24	1.16
7.16	1.06
7.06	1.01
7	1.07
6.94	1.22
6.88	1.32
6.82	1.43
6.75	1.48
6.68	1.49
6.62	1.49
6.55	1.54
6.33	0.69
6.3	0.74
6.27	0.74
6.26	0.84
6.26	0.89
6.24	0.84
6.22	0.79
6.19	0.69
6.17	0.7
6.14	0.7
6.12	0.65
6.09	0.8
5.9	0.61
5.88	0.61
5.89	0.75
5.84	0.8
5.83	0.81
5.79	0.81
5.75	0.81
5.72	0.76
5.66	0.71
5.61	0.72
5.59	0.72
5.55	0.72
5.52	0.72
5.5	0.72
5.46	0.72
5.45	0.72
5.43	0.73
5.41	0.73
5.38	0.73
5.36	0.68
5.34	0.73
5.31	0.73
5.29	0.88
5.28	0.88
5.24	0.98
5.23	0.98
5.19	0.93
5.17	0.93
5.13	0.89
5.1	0.84
5.06	0.79
5.02	0.74
4.99	0.74
4.95	0.74
4.92	0.74
4.9	0.79
4.88	0.84
4.86	0.8
4.83	0.75
4.81	0.7
4.78	0.46
4.75	0.36
4.71	0.32
4.61	0.32
4.52	0.42
4.42	0.47
4.31	0.67
4.23	0.72
4.15	0.77
4.08	0.77
4.01	0.72
3.91	0.73
3.84	0.54
3.74	0.4
3.62	0.21
3.52	0.22
3.43	0.22
3.35	0.22
3.26	0.22
3.19	0.23
3.11	0.23
3.04	0.23
2.97	0.23
2.9	0.24
2.83	0.24
2.76	0.24
2.69	0.25
2.61	0.2
2.52	0.25
2.47	0.26
2.4	0.21
2.37	0.21
2.35	0.21
2.32	0.21
2.3	0.21
2.28	0.21
2.25	0.22
2.21	0.22
2.23	1.03
2.23	1.13
2.24	1.18
2.26	1.18
2.26	1.18
2.26	1.13
2.29	1.03
2.31	1.03
2.34	1.08
2.39	1.13
2.43	1.23
2.48	1.28
2.55	1.38
2.62	1.43
2.68	1.32
2.77	1.32
2.86	1.26
2.93	1.26
3.02	1.31
3.09	1.31
3.17	1.2
3.26	1.1
3.33	1.05
3.41	1
3.47	1.09
3.54	1.34
3.61	1.39
3.68	1.39
3.75	1.39
3.83	1.34
3.9	1.18
3.98	1.03
4.05	0.88
4.14	1.02
4.3	1.42
4.44	1.42
4.64	1.62
4.78	1.62
4.93	1.56
5.07	1.55
5.24	1.6
5.39	1.6
5.45	1.08
5.63	1.07
5.79	0.97
5.93	0.76
6.06	0.71
6.2	0.71
6.36	0.71
6.5	0.7
6.68	0.7
6.84	0.7
7.02	0.69
7.26	1.08
7.38	0.73
7.5	0.73
7.59	0.72
7.68	0.72
7.78	0.72
7.87	0.72
7.96	0.71
8.05	0.71
8.16	0.71
8.25	0.7
8.29	0.41
8.31	0.12
8.4	0.12
8.3	-0.52
8.34	-0.47
8.38	-0.47
8.39	-0.43
8.39	-0.43
8.39	-0.43
8.39	-0.43
8.39	-0.43
8.37	-0.43
8.3	-0.82
8.35	-0.74
8.31	-0.78
8.29	-0.78
8.26	-0.78
8.27	-0.42
8.22	-0.42
8.18	-0.42
8.15	-0.42
8.1	-0.42
8.06	-0.42
8.01	-0.41
7.93	-0.41
7.84	-0.41
7.76	-0.41
7.67	-0.41
7.58	-0.45
7.52	-0.4
7.74	0.14
7.7	0.29
7.67	0.43
7.65	0.62
7.61	0.72
7.58	0.77
7.52	0.73
7.47	0.68
7.4	0.54
7.35	0.44
7.3	0.3
7.28	0.31
7.31	0.4
7.34	0.5
7.42	0.69
7.49	0.83
7.54	0.93
7.61	1.03
7.68	1.18
7.75	1.23
7.81	1.28
7.9	1.38
8.04	1.59
8.28	2.18
8.26	1.85
8.37	1.95
8.45	1.95
8.55	2
8.64	2.05
8.71	2.05
8.75	1.94
8.83	1.99
8.9	1.94
9.01	2.04
9.12	2.09
9.22	2.14
9.33	2.2
9.41	2.25
9.35	2.03
9.73	3.02
9.8	2.72
9.9	2.83
10	3.01
10.08	3.01
10.17	3.06
10.24	2.94
10.32	2.94
10.36	2.76
10.39	2.65
10.4	2.47
10.43	2.41
10.44	2.53
10.46	2.64
10.47	2.76
10.48	2.87
10.45	2.93
10.47	2.93
10.42	2.87
10.35	2.76
10.26	2.59
10.18	2.42
10.12	2.31
10.05	2.2
9.98	2.14
9.93	2.14
9.87	2.14
9.79	2.2
9.7	2.15
9.7	2.6
9.5	2.21
9.4	2.16
9.3	2.05
9.2	2.05
9.12	2.11
9.04	2.17
8.97	2.23
8.87	2.18
8.76	2.12
8.64	1.96
8.52	1.8
8.37	1.59
8.24	1.44
8.12	1.39
7.95	1.24
7.8	1.25
7.66	1.25
7.53	1.26
7.41	1.31
7.28	1.32
7.15	1.32
7.02	1.22
6.88	1.13
6.74	1.03
6.6	0.88
6.44	0.74
6.3	0.89
6.17	0.85
6.06	0.9
5.94	1.47
5.83	1.73
5.75	1.9
5.67	1.79
5.51	1.69
5.4	1.69
5.31	1.64
5.22	1.81
5.15	1.75
5.07	1.55
4.99	1.55
4.94	1.5
4.86	1.45
4.81	1.45
4.76	1.45
4.74	1.71
4.71	1.77
4.67	1.88
4.65	1.98
4.64	1.93
4.59	1.03
4.55	1.13
4.55	1.08
4.53	0.98
4.51	0.88
4.51	0.98
4.55	1.28
4.55	1.43
4.55	1.43
4.56	1.59
4.59	1.64
4.59	1.64
4.65	1.9
4.64	2.18
4.66	2.4
4.66	2.56
4.7	2.68
4.72	2.79
4.76	2.73
4.83	3.02
4.83	3.26
4.88	3.61
4.92	3.86
4.97	4.11
4.99	4.24
5.04	4.37
5.08	4.56
5.09	4.62
5.11	4.75
5.17	5.23
5.2	5.43
5.44	6.73
5.47	6.89
5.54	7.04
5.57	7.27
5.6	7.43
5.6	7.51
5.63	7.59
5.66	7.75
5.73	7.91
5.79	8.16
5.87	8.41
5.96	8.75
6.01	8.74
6.08	8.74
6.12	8.65
6.18	8.74
6.24	9
6.28	9.26
6.31	9.44
6.36	9.72
6.4	9.99
6.43	10.09
6.47	10.27
6.49	10.27
6.49	10.27
6.51	10.17
6.5	10.08
6.59	10.27
6.65	10.45
6.69	10.65
6.73	10.84
6.77	11.04
6.8	11.14
6.86	11.24
6.88	11.14
6.93	11.13
6.98	11.13
7	11.03
7.02	11.03
7.05	11.02
7.07	11.03
7.11	11.13
7.14	11.22
7.16	11.22
7.19	11.22
7.2	11.12
7.23	11.12
